Reading data ...

ECOS 2.0.7 - (C) embotech GmbH, Zurich Switzerland, 2012-15. Web: www.embotech.com/ECOS

It     pcost       dcost      gap   pres   dres    k/t    mu     step   sigma     IR    |   BT
 0  +0.000e+00  -1.045e+03  +1e+04  8e-01  1e+00  1e+00  1e+00    ---    ---    0  0  - |  -  - 
 1  -1.056e+03  -1.854e+03  +8e+03  6e-01  1e+00  1e+00  6e-01  0.5013  1e-01   1  1  1 |  1  3
 2  -1.835e+03  -2.359e+03  +4e+03  4e-01  7e-01  7e-01  3e-01  0.6266  2e-01   1  1  1 |  4  2
 3  -2.048e+03  -2.354e+03  +2e+03  3e-01  4e-01  4e-01  1e-01  0.9791  5e-01   1  1  1 |  7  0
 4  -2.326e+03  -2.460e+03  +8e+02  1e-01  2e-01  2e-01  6e-02  0.6266  5e-02   1  1  1 |  2  2
 5  -2.488e+03  -2.531e+03  +2e+02  4e-02  6e-02  7e-02  2e-02  0.7833  1e-01   1  1  1 |  3  1
 6  -2.566e+03  -2.580e+03  +8e+01  1e-02  2e-02  3e-02  6e-03  0.9791  3e-01   1  1  1 |  5  0
 7  -2.588e+03  -2.591e+03  +2e+01  3e-03  4e-03  6e-03  1e-03  0.7833  9e-03   1  1  1 |  1  1
 8  -2.595e+03  -2.596e+03  +4e+00  6e-04  9e-04  1e-03  3e-04  0.7833  1e-02   1  1  1 |  1  1
 9  -2.596e+03  -2.597e+03  +1e+00  2e-04  2e-04  4e-04  8e-05  0.7833  5e-02   1  1  1 |  2  1
10  -2.597e+03  -2.597e+03  +2e-01  4e-05  5e-05  8e-05  2e-05  0.7833  9e-03   2  1  1 |  1  1
11  -2.597e+03  -2.597e+03  +9e-02  1e-05  2e-05  3e-05  7e-06  0.6266  5e-02   2  1  1 |  2  2
12  -2.597e+03  -2.597e+03  +2e-02  3e-06  5e-06  7e-06  2e-06  0.7833  1e-02   2  1  1 |  1  1
13  -2.597e+03  -2.597e+03  +8e-03  1e-06  2e-06  3e-06  6e-07  0.6266  5e-02   1  0  0 |  2  2
14  -2.597e+03  -2.597e+03  +2e-03  3e-07  5e-07  7e-07  1e-07  0.7833  1e-02   2  0  0 |  1  1
15  -2.597e+03  -2.597e+03  +8e-04  1e-07  2e-07  3e-07  6e-08  0.6266  5e-02   1  0  0 |  2  2
16  -2.597e+03  -2.597e+03  +2e-04  3e-08  4e-08  6e-08  1e-08  0.7833  9e-03   1  0  0 |  1  1
17  -2.597e+03  -2.597e+03  +7e-05  1e-08  2e-08  3e-08  5e-09  0.6266  5e-02   0  0  0 |  2  2
18  -2.597e+03  -2.597e+03  +2e-05  2e-09  4e-09  6e-09  1e-09  0.7833  9e-03   0  0  0 |  1  1

OPTIMAL (within feastol=3.7e-09, reltol=5.9e-09, abstol=1.5e-05).
Runtime: 0.101338 seconds.

Inferred values:
	a = 0.724570441701735
	mu = 2.088020847678658
	LL = 2596.914009625473
